      15-19NT 15-19BR  20-29NT 20-29BR
2013  173,62  56,48    127,17  54,43
2012  132,79  52,68    110,84  59,97
2011  112,99  46,66    110,03  56,19
2010  92,87   45,65     78,49  58,87
2009  68,65   44,67     98,08  57,73
2008  78,63   44,52     63,34  56,79
2007  61,87   42,21     60,96  53,39
2006  34,32   38,25     48,30  58,16
2005  36,01   38,66     46,94  57,61
2004  22,74   39,74     33,21  61,37
2003  33,98   42,54     53,42  65,64
2002  24,61   42,92     30,42  63,91
2001  30,03   41,93     35,47  61,24
2000  10,15   40,55     25,25  59,29
1999  13,16   37,69     18,76  57,57
